836801516
1060568225
1737430277
454392197
712603021
1582279238
1114134205
444872983
1033559458
482832591
858315841
5158942989
908355108
1486409138
1142321039
1058769640
805890253
895098741
1593728773
470582040
736080192
1463824224
974920369
532813224
450276178
974159035
420331667
1024401225
478834442
358170776
5206818835
1449194034
1035577944
761250654
910862890
1149027270
1897471727
1182836653
1419171405
1692619877
505105586
981647206
1147424259
903421272
1320513880
5171542439
5283781226
832108671
1838726065
1017317958
1353271391
5121165935
867784712
184266582
405631070
482536935
5040460309
701850543
1165414238
1073920210
1859879878
5118147981
1324122253
486497687
715971499
365165782
1038962468
737445473
1394716494
463699250
1284442122
1801942693
1216921748
831105813
1587371650
454579076
2066861836
961636186
1499705234
951314804
975014121
1653891598
1136631266
5073499789
1508078285
1067516140
851204013
900603990
725696513
1968504387
1354618552
1327837115
1064915997
693662899
5070148166
1167302047
732785182
1657810950
1169078386
732713075
1386764960
550938121
1744145439
646549032
1376693469